 # Monte Carlo simulation of a 2D Ising model
#         Iter        Energy   Energ Check Magnetization
        000001       -1584.0       -1500.0           100
        000002       -2316.0       -2316.0           234
        000003       -2828.0       -2828.0           298
        000004       -3052.0       -3052.0           386
        000005       -3244.0       -3244.0           358
        000006       -3404.0       -3404.0           400
        000007       -3400.0       -3400.0           382
        000008       -3520.0       -3520.0           410
        000009       -3568.0       -3568.0           466
        000010       -3596.0       -3596.0           474
        000011       -3652.0       -3652.0           484
        000012       -3740.0       -3740.0           484
        000013       -3744.0       -3744.0           512
        000014       -3756.0       -3756.0           530
        000015       -3764.0       -3764.0           552
        000016       -3768.0       -3768.0           526
        000017       -3788.0       -3788.0           570
        000018       -3832.0       -3832.0           584
        000019       -3804.0       -3804.0           566
        000020       -3812.0       -3812.0           500
        000021       -3844.0       -3844.0           488
        000022       -3856.0       -3856.0           458
        000023       -3812.0       -3812.0           472
        000024       -3832.0       -3832.0           532
        000025       -3880.0       -3880.0           586
        000026       -3888.0       -3888.0           620
        000027       -3904.0       -3904.0           618
        000028       -3952.0       -3952.0           660
        000029       -3956.0       -3956.0           662
        000030       -3928.0       -3928.0           652
        000031       -3960.0       -3960.0           714
        000032       -4012.0       -4012.0           736
        000033       -4036.0       -4036.0           746
        000034       -4016.0       -4016.0           728
        000035       -4044.0       -4044.0           766
        000036       -4028.0       -4028.0           806
        000037       -4032.0       -4032.0           792
        000038       -4104.0       -4104.0           870
        000039       -4104.0       -4104.0           882
        000040       -4100.0       -4100.0           898
        000041       -4108.0       -4108.0           940
        000042       -4044.0       -4044.0           946
        000043       -4076.0       -4076.0           968
        000044       -4100.0       -4100.0           962
        000045       -4100.0       -4100.0           934
        000046       -4080.0       -4080.0           950
        000047       -4096.0       -4096.0           980
        000048       -4080.0       -4080.0           990
        000049       -4132.0       -4132.0          1024
        000050       -4120.0       -4120.0          1056
        000051       -4088.0       -4088.0          1046
        000052       -4108.0       -4108.0          1096
        000053       -4104.0       -4104.0          1120
        000054       -4148.0       -4148.0          1122
        000055       -4148.0       -4148.0          1106
        000056       -4184.0       -4184.0          1120
        000057       -4164.0       -4164.0          1122
        000058       -4144.0       -4144.0          1110
        000059       -4160.0       -4160.0          1114
        000060       -4164.0       -4164.0          1120
        000061       -4164.0       -4164.0          1136
        000062       -4180.0       -4180.0          1134
        000063       -4180.0       -4180.0          1108
        000064       -4172.0       -4172.0          1120
        000065       -4192.0       -4192.0          1094
        000066       -4204.0       -4204.0          1124
        000067       -4208.0       -4208.0          1104
        000068       -4196.0       -4196.0          1068
        000069       -4184.0       -4184.0          1074
        000070       -4156.0       -4156.0          1074
        000071       -4160.0       -4160.0          1114
        000072       -4192.0       -4192.0          1126
        000073       -4184.0       -4184.0          1112
        000074       -4172.0       -4172.0          1112
        000075       -4192.0       -4192.0          1112
        000076       -4216.0       -4216.0          1120
        000077       -4212.0       -4212.0          1128
        000078       -4192.0       -4192.0          1146
        000079       -4140.0       -4140.0          1118
        000080       -4144.0       -4144.0          1114
        000081       -4176.0       -4176.0          1118
        000082       -4208.0       -4208.0          1158
        000083       -4200.0       -4200.0          1158
        000084       -4224.0       -4224.0          1148
        000085       -4196.0       -4196.0          1132
        000086       -4204.0       -4204.0          1168
        000087       -4216.0       -4216.0          1182
        000088       -4244.0       -4244.0          1182
        000089       -4244.0       -4244.0          1180
        000090       -4236.0       -4236.0          1180
        000091       -4244.0       -4244.0          1188
        000092       -4244.0       -4244.0          1200
        000093       -4256.0       -4256.0          1202
        000094       -4268.0       -4268.0          1184
        000095       -4256.0       -4256.0          1186
        000096       -4240.0       -4240.0          1172
        000097       -4212.0       -4212.0          1202
        000098       -4228.0       -4228.0          1216
        000099       -4220.0       -4220.0          1210
        000100       -4204.0       -4204.0          1198
        000101       -4236.0       -4236.0          1210
        000102       -4188.0       -4188.0          1222
        000103       -4216.0       -4216.0          1236
        000104       -4212.0       -4212.0          1266
        000105       -4224.0       -4224.0          1252
        000106       -4220.0       -4220.0          1248
        000107       -4260.0       -4260.0          1264
        000108       -4260.0       -4260.0          1284
        000109       -4260.0       -4260.0          1288
        000110       -4304.0       -4304.0          1312
        000111       -4300.0       -4300.0          1332
        000112       -4288.0       -4288.0          1326
        000113       -4276.0       -4276.0          1348
        000114       -4280.0       -4280.0          1376
        000115       -4292.0       -4292.0          1398
        000116       -4312.0       -4312.0          1396
        000117       -4336.0       -4336.0          1388
        000118       -4320.0       -4320.0          1366
        000119       -4264.0       -4264.0          1364
        000120       -4284.0       -4284.0          1354
        000121       -4296.0       -4296.0          1344
        000122       -4280.0       -4280.0          1346
        000123       -4284.0       -4284.0          1348
        000124       -4308.0       -4308.0          1358
        000125       -4336.0       -4336.0          1392
        000126       -4336.0       -4336.0          1400
        000127       -4332.0       -4332.0          1382
        000128       -4312.0       -4312.0          1354
        000129       -4332.0       -4332.0          1366
        000130       -4308.0       -4308.0          1368
        000131       -4304.0       -4304.0          1358
        000132       -4340.0       -4340.0          1360
        000133       -4340.0       -4340.0          1380
        000134       -4324.0       -4324.0          1432
        000135       -4348.0       -4348.0          1456
        000136       -4344.0       -4344.0          1462
        000137       -4356.0       -4356.0          1476
        000138       -4344.0       -4344.0          1478
        000139       -4320.0       -4320.0          1448
        000140       -4328.0       -4328.0          1448
        000141       -4288.0       -4288.0          1460
        000142       -4292.0       -4292.0          1442
        000143       -4280.0       -4280.0          1460
        000144       -4284.0       -4284.0          1456
        000145       -4272.0       -4272.0          1462
        000146       -4276.0       -4276.0          1492
        000147       -4292.0       -4292.0          1538
        000148       -4312.0       -4312.0          1532
        000149       -4304.0       -4304.0          1550
        000150       -4308.0       -4308.0          1582
        000151       -4340.0       -4340.0          1580
        000152       -4348.0       -4348.0          1588
        000153       -4344.0       -4344.0          1610
        000154       -4292.0       -4292.0          1604
        000155       -4320.0       -4320.0          1628
        000156       -4376.0       -4376.0          1650
        000157       -4340.0       -4340.0          1658
        000158       -4328.0       -4328.0          1668
        000159       -4352.0       -4352.0          1678
        000160       -4364.0       -4364.0          1680
        000161       -4364.0       -4364.0          1704
        000162       -4384.0       -4384.0          1718
        000163       -4376.0       -4376.0          1728
        000164       -4368.0       -4368.0          1720
        000165       -4364.0       -4364.0          1742
        000166       -4380.0       -4380.0          1742
        000167       -4396.0       -4396.0          1738
        000168       -4392.0       -4392.0          1762
        000169       -4372.0       -4372.0          1786
        000170       -4384.0       -4384.0          1786
        000171       -4388.0       -4388.0          1786
        000172       -4404.0       -4404.0          1776
        000173       -4400.0       -4400.0          1768
        000174       -4368.0       -4368.0          1760
        000175       -4376.0       -4376.0          1760
        000176       -4384.0       -4384.0          1770
        000177       -4364.0       -4364.0          1794
        000178       -4376.0       -4376.0          1792
        000179       -4372.0       -4372.0          1798
        000180       -4364.0       -4364.0          1802
        000181       -4392.0       -4392.0          1790
        000182       -4404.0       -4404.0          1806
        000183       -4372.0       -4372.0          1814
        000184       -4412.0       -4412.0          1860
        000185       -4400.0       -4400.0          1854
        000186       -4412.0       -4412.0          1838
        000187       -4400.0       -4400.0          1836
        000188       -4420.0       -4420.0          1836
        000189       -4424.0       -4424.0          1840
        000190       -4376.0       -4376.0          1814
        000191       -4404.0       -4404.0          1810
        000192       -4408.0       -4408.0          1824
        000193       -4420.0       -4420.0          1818
        000194       -4396.0       -4396.0          1828
        000195       -4364.0       -4364.0          1826
        000196       -4396.0       -4396.0          1830
        000197       -4400.0       -4400.0          1864
        000198       -4424.0       -4424.0          1874
        000199       -4428.0       -4428.0          1890
        000200       -4424.0       -4424.0          1864
        000201       -4392.0       -4392.0          1846
        000202       -4360.0       -4360.0          1854
        000203       -4368.0       -4368.0          1888
        000204       -4392.0       -4392.0          1906
        000205       -4408.0       -4408.0          1912
        000206       -4392.0       -4392.0          1904
        000207       -4388.0       -4388.0          1928
        000208       -4392.0       -4392.0          1960
        000209       -4404.0       -4404.0          1968
        000210       -4396.0       -4396.0          1980
        000211       -4452.0       -4452.0          2000
        000212       -4452.0       -4452.0          2006
        000213       -4448.0       -4448.0          2006
        000214       -4412.0       -4412.0          2012
        000215       -4388.0       -4388.0          2010
        000216       -4420.0       -4420.0          2006
        000217       -4432.0       -4432.0          2028
        000218       -4452.0       -4452.0          2038
        000219       -4432.0       -4432.0          2036
        000220       -4412.0       -4412.0          2034
        000221       -4404.0       -4404.0          2006
        000222       -4440.0       -4440.0          2030
        000223       -4372.0       -4372.0          2020
        000224       -4424.0       -4424.0          2018
        000225       -4424.0       -4424.0          2032
        000226       -4424.0       -4424.0          2046
        000227       -4416.0       -4416.0          2052
        000228       -4416.0       -4416.0          2054
        000229       -4468.0       -4468.0          2058
        000230       -4456.0       -4456.0          2076
        000231       -4424.0       -4424.0          2064
        000232       -4424.0       -4424.0          2070
        000233       -4424.0       -4424.0          2080
        000234       -4452.0       -4452.0          2082
        000235       -4456.0       -4456.0          2082
        000236       -4452.0       -4452.0          2088
        000237       -4452.0       -4452.0          2082
        000238       -4424.0       -4424.0          2082
        000239       -4432.0       -4432.0          2084
        000240       -4428.0       -4428.0          2098
        000241       -4448.0       -4448.0          2126
        000242       -4432.0       -4432.0          2124
        000243       -4436.0       -4436.0          2110
        000244       -4452.0       -4452.0          2118
        000245       -4440.0       -4440.0          2120
        000246       -4400.0       -4400.0          2130
        000247       -4468.0       -4468.0          2130
        000248       -4452.0       -4452.0          2136
        000249       -4468.0       -4468.0          2148
        000250       -4484.0       -4484.0          2164
        000251       -4492.0       -4492.0          2168
        000252       -4460.0       -4460.0          2154
        000253       -4488.0       -4488.0          2184
        000254       -4464.0       -4464.0          2174
        000255       -4456.0       -4456.0          2168
        000256       -4452.0       -4452.0          2160
        000257       -4468.0       -4468.0          2152
        000258       -4472.0       -4472.0          2160
        000259       -4496.0       -4496.0          2160
        000260       -4504.0       -4504.0          2184
        000261       -4488.0       -4488.0          2200
        000262       -4492.0       -4492.0          2208
        000263       -4492.0       -4492.0          2204
        000264       -4500.0       -4500.0          2222
        000265       -4480.0       -4480.0          2208
        000266       -4464.0       -4464.0          2200
        000267       -4476.0       -4476.0          2204
        000268       -4444.0       -4444.0          2206
        000269       -4508.0       -4508.0          2220
        000270       -4520.0       -4520.0          2232
        000271       -4488.0       -4488.0          2224
        000272       -4488.0       -4488.0          2230
        000273       -4492.0       -4492.0          2240
        000274       -4492.0       -4492.0          2234
        000275       -4508.0       -4508.0          2230
        000276       -4496.0       -4496.0          2230
        000277       -4552.0       -4552.0          2256
        000278       -4524.0       -4524.0          2256
        000279       -4508.0       -4508.0          2264
        000280       -4536.0       -4536.0          2282
        000281       -4560.0       -4560.0          2292
        000282       -4584.0       -4584.0          2298
        000283       -4564.0       -4564.0          2292
        000284       -4584.0       -4584.0          2298
        000285       -4548.0       -4548.0          2286
        000286       -4584.0       -4584.0          2298
        000287       -4564.0       -4564.0          2292
        000288       -4552.0       -4552.0          2290
        000289       -4560.0       -4560.0          2292
        000290       -4544.0       -4544.0          2288
        000291       -4512.0       -4512.0          2278
        000292       -4552.0       -4552.0          2288
        000293       -4556.0       -4556.0          2290
        000294       -4552.0       -4552.0          2288
        000295       -4564.0       -4564.0          2292
        000296       -4568.0       -4568.0          2292
        000297       -4568.0       -4568.0          2294
        000298       -4572.0       -4572.0          2294
        000299       -4556.0       -4556.0          2290
        000300       -4580.0       -4580.0          2296
        000301       -4576.0       -4576.0          2296
        000302       -4584.0       -4584.0          2298
        000303       -4568.0       -4568.0          2294
        000304       -4600.0       -4600.0          2302
        000305       -4568.0       -4568.0          2294
        000306       -4576.0       -4576.0          2296
        000307       -4552.0       -4552.0          2290
        000308       -4564.0       -4564.0          2292
        000309       -4576.0       -4576.0          2296
        000310       -4540.0       -4540.0          2284
        000311       -4564.0       -4564.0          2292
        000312       -4552.0       -4552.0          2288
        000313       -4548.0       -4548.0          2288
        000314       -4568.0       -4568.0          2294
        000315       -4584.0       -4584.0          2298
        000316       -4568.0       -4568.0          2294
        000317       -4576.0       -4576.0          2296
        000318       -4576.0       -4576.0          2296
        000319       -4568.0       -4568.0          2294
        000320       -4548.0       -4548.0          2288
        000321       -4544.0       -4544.0          2288
        000322       -4584.0       -4584.0          2298
        000323       -4568.0       -4568.0          2294
        000324       -4580.0       -4580.0          2296
        000325       -4560.0       -4560.0          2292
        000326       -4568.0       -4568.0          2294
        000327       -4576.0       -4576.0          2296
        000328       -4556.0       -4556.0          2290
        000329       -4548.0       -4548.0          2288
        000330       -4584.0       -4584.0          2298
        000331       -4560.0       -4560.0          2292
        000332       -4552.0       -4552.0          2290
        000333       -4560.0       -4560.0          2292
        000334       -4568.0       -4568.0          2294
        000335       -4556.0       -4556.0          2290
        000336       -4568.0       -4568.0          2294
        000337       -4560.0       -4560.0          2292
        000338       -4564.0       -4564.0          2292
        000339       -4528.0       -4528.0          2284
        000340       -4584.0       -4584.0          2298
        000341       -4568.0       -4568.0          2294
        000342       -4548.0       -4548.0          2288
        000343       -4556.0       -4556.0          2290
        000344       -4560.0       -4560.0          2292
        000345       -4548.0       -4548.0          2288
        000346       -4584.0       -4584.0          2298
        000347       -4592.0       -4592.0          2300
        000348       -4592.0       -4592.0          2300
        000349       -4568.0       -4568.0          2294
        000350       -4544.0       -4544.0          2284
        000351       -4560.0       -4560.0          2292
        000352       -4560.0       -4560.0          2292
        000353       -4584.0       -4584.0          2298
        000354       -4580.0       -4580.0          2296
        000355       -4552.0       -4552.0          2290
        000356       -4540.0       -4540.0          2286
        000357       -4556.0       -4556.0          2290
        000358       -4560.0       -4560.0          2292
        000359       -4560.0       -4560.0          2292
        000360       -4568.0       -4568.0          2294
        000361       -4548.0       -4548.0          2286
        000362       -4560.0       -4560.0          2292
        000363       -4560.0       -4560.0          2292
        000364       -4584.0       -4584.0          2298
        000365       -4568.0       -4568.0          2292
        000366       -4560.0       -4560.0          2290
        000367       -4564.0       -4564.0          2292
        000368       -4568.0       -4568.0          2294
        000369       -4556.0       -4556.0          2290
        000370       -4552.0       -4552.0          2290
        000371       -4548.0       -4548.0          2288
        000372       -4544.0       -4544.0          2288
        000373       -4556.0       -4556.0          2290
        000374       -4540.0       -4540.0          2286
        000375       -4552.0       -4552.0          2290
        000376       -4576.0       -4576.0          2296
        000377       -4560.0       -4560.0          2292
        000378       -4576.0       -4576.0          2296
        000379       -4560.0       -4560.0          2292
        000380       -4540.0       -4540.0          2284
        000381       -4564.0       -4564.0          2292
        000382       -4560.0       -4560.0          2290
        000383       -4548.0       -4548.0          2286
        000384       -4544.0       -4544.0          2280
        000385       -4572.0       -4572.0          2292
        000386       -4588.0       -4588.0          2298
        000387       -4580.0       -4580.0          2296
        000388       -4580.0       -4580.0          2296
        000389       -4560.0       -4560.0          2292
        000390       -4532.0       -4532.0          2282
        000391       -4528.0       -4528.0          2282
        000392       -4552.0       -4552.0          2288
        000393       -4512.0       -4512.0          2280
        000394       -4560.0       -4560.0          2292
        000395       -4556.0       -4556.0          2290
        000396       -4584.0       -4584.0          2298
        000397       -4560.0       -4560.0          2292
        000398       -4584.0       -4584.0          2298
        000399       -4576.0       -4576.0          2296
        000400       -4556.0       -4556.0          2290
        000401       -4588.0       -4588.0          2298
        000402       -4592.0       -4592.0          2300
        000403       -4564.0       -4564.0          2292
        000404       -4532.0       -4532.0          2284
        000405       -4512.0       -4512.0          2278
        000406       -4552.0       -4552.0          2290
        000407       -4560.0       -4560.0          2292
        000408       -4524.0       -4524.0          2282
        000409       -4556.0       -4556.0          2290
        000410       -4560.0       -4560.0          2290
        000411       -4600.0       -4600.0          2302
        000412       -4572.0       -4572.0          2294
        000413       -4556.0       -4556.0          2290
        000414       -4544.0       -4544.0          2288
        000415       -4536.0       -4536.0          2284
        000416       -4544.0       -4544.0          2288
        000417       -4572.0       -4572.0          2294
        000418       -4548.0       -4548.0          2288
        000419       -4532.0       -4532.0          2284
        000420       -4548.0       -4548.0          2288
        000421       -4544.0       -4544.0          2288
        000422       -4536.0       -4536.0          2286
        000423       -4584.0       -4584.0          2298
        000424       -4600.0       -4600.0          2302
        000425       -4592.0       -4592.0          2300
        000426       -4568.0       -4568.0          2294
        000427       -4560.0       -4560.0          2292
        000428       -4552.0       -4552.0          2290
        000429       -4564.0       -4564.0          2292
        000430       -4576.0       -4576.0          2296
        000431       -4560.0       -4560.0          2290
        000432       -4552.0       -4552.0          2288
        000433       -4528.0       -4528.0          2284
        000434       -4532.0       -4532.0          2284
        000435       -4548.0       -4548.0          2288
        000436       -4556.0       -4556.0          2290
        000437       -4584.0       -4584.0          2298
        000438       -4552.0       -4552.0          2290
        000439       -4560.0       -4560.0          2292
        000440       -4556.0       -4556.0          2290
        000441       -4576.0       -4576.0          2296
        000442       -4548.0       -4548.0          2288
        000443       -4532.0       -4532.0          2284
        000444       -4536.0       -4536.0          2286
        000445       -4524.0       -4524.0          2274
        000446       -4548.0       -4548.0          2284
        000447       -4548.0       -4548.0          2288
        000448       -4548.0       -4548.0          2288
        000449       -4524.0       -4524.0          2282
        000450       -4560.0       -4560.0          2292
        000451       -4584.0       -4584.0          2298
        000452       -4560.0       -4560.0          2292
        000453       -4548.0       -4548.0          2288
        000454       -4540.0       -4540.0          2286
        000455       -4540.0       -4540.0          2284
        000456       -4576.0       -4576.0          2296
        000457       -4564.0       -4564.0          2292
        000458       -4588.0       -4588.0          2298
        000459       -4564.0       -4564.0          2292
        000460       -4592.0       -4592.0          2300
        000461       -4576.0       -4576.0          2296
        000462       -4552.0       -4552.0          2290
        000463       -4564.0       -4564.0          2292
        000464       -4584.0       -4584.0          2298
        000465       -4576.0       -4576.0          2296
        000466       -4584.0       -4584.0          2298
        000467       -4560.0       -4560.0          2292
        000468       -4544.0       -4544.0          2288
        000469       -4548.0       -4548.0          2288
        000470       -4536.0       -4536.0          2286
        000471       -4544.0       -4544.0          2288
        000472       -4536.0       -4536.0          2286
        000473       -4552.0       -4552.0          2290
        000474       -4572.0       -4572.0          2294
        000475       -4556.0       -4556.0          2290
        000476       -4516.0       -4516.0          2278
        000477       -4576.0       -4576.0          2292
        000478       -4588.0       -4588.0          2298
        000479       -4556.0       -4556.0          2290
        000480       -4560.0       -4560.0          2292
        000481       -4576.0       -4576.0          2296
        000482       -4588.0       -4588.0          2298
        000483       -4564.0       -4564.0          2292
        000484       -4544.0       -4544.0          2286
        000485       -4548.0       -4548.0          2288
        000486       -4584.0       -4584.0          2298
        000487       -4592.0       -4592.0          2300
        000488       -4600.0       -4600.0          2302
        000489       -4592.0       -4592.0          2300
        000490       -4568.0       -4568.0          2294
        000491       -4552.0       -4552.0          2290
        000492       -4560.0       -4560.0          2292
        000493       -4552.0       -4552.0          2286
        000494       -4528.0       -4528.0          2280
        000495       -4540.0       -4540.0          2286
        000496       -4580.0       -4580.0          2296
        000497       -4568.0       -4568.0          2292
        000498       -4556.0       -4556.0          2290
        000499       -4592.0       -4592.0          2300
        000500       -4592.0       -4592.0          2300
        000501       -4568.0       -4568.0          2294
        000502       -4592.0       -4592.0          2300
        000503       -4584.0       -4584.0          2298
        000504       -4592.0       -4592.0          2300
        000505       -4576.0       -4576.0          2296
        000506       -4560.0       -4560.0          2292
        000507       -4580.0       -4580.0          2296
        000508       -4564.0       -4564.0          2292
        000509       -4560.0       -4560.0          2292
        000510       -4568.0       -4568.0          2294
        000511       -4536.0       -4536.0          2286
        000512       -4568.0       -4568.0          2294
        000513       -4564.0       -4564.0          2292
        000514       -4576.0       -4576.0          2296
        000515       -4568.0       -4568.0          2294
        000516       -4584.0       -4584.0          2298
        000517       -4592.0       -4592.0          2300
        000518       -4568.0       -4568.0          2294
        000519       -4584.0       -4584.0          2298
        000520       -4552.0       -4552.0          2288
        000521       -4528.0       -4528.0          2284
        000522       -4552.0       -4552.0          2290
        000523       -4548.0       -4548.0          2288
        000524       -4556.0       -4556.0          2290
        000525       -4552.0       -4552.0          2290
        000526       -4592.0       -4592.0          2300
        000527       -4576.0       -4576.0          2296
        000528       -4576.0       -4576.0          2296
        000529       -4560.0       -4560.0          2292
        000530       -4560.0       -4560.0          2292
        000531       -4576.0       -4576.0          2296
        000532       -4568.0       -4568.0          2294
        000533       -4552.0       -4552.0          2290
        000534       -4600.0       -4600.0          2302
        000535       -4608.0       -4608.0          2304
        000536       -4592.0       -4592.0          2300
        000537       -4576.0       -4576.0          2296
        000538       -4568.0       -4568.0          2294
        000539       -4576.0       -4576.0          2296
        000540       -4580.0       -4580.0          2296
        000541       -4568.0       -4568.0          2294
        000542       -4572.0       -4572.0          2294
        000543       -4580.0       -4580.0          2296
        000544       -4564.0       -4564.0          2292
        000545       -4584.0       -4584.0          2298
        000546       -4552.0       -4552.0          2290
        000547       -4580.0       -4580.0          2296
        000548       -4600.0       -4600.0          2302
        000549       -4548.0       -4548.0          2288
        000550       -4568.0       -4568.0          2294
        000551       -4588.0       -4588.0          2298
        000552       -4572.0       -4572.0          2294
        000553       -4536.0       -4536.0          2286
        000554       -4552.0       -4552.0          2288
        000555       -4556.0       -4556.0          2286
        000556       -4552.0       -4552.0          2286
        000557       -4568.0       -4568.0          2294
        000558       -4568.0       -4568.0          2294
        000559       -4600.0       -4600.0          2302
        000560       -4584.0       -4584.0          2298
        000561       -4584.0       -4584.0          2298
        000562       -4556.0       -4556.0          2290
        000563       -4564.0       -4564.0          2292
        000564       -4576.0       -4576.0          2296
        000565       -4584.0       -4584.0          2298
        000566       -4556.0       -4556.0          2290
        000567       -4548.0       -4548.0          2288
        000568       -4540.0       -4540.0          2286
        000569       -4544.0       -4544.0          2288
        000570       -4568.0       -4568.0          2294
        000571       -4592.0       -4592.0          2300
        000572       -4564.0       -4564.0          2292
        000573       -4592.0       -4592.0          2300
        000574       -4576.0       -4576.0          2296
        000575       -4584.0       -4584.0          2298
        000576       -4532.0       -4532.0          2284
        000577       -4524.0       -4524.0          2280
        000578       -4536.0       -4536.0          2286
        000579       -4572.0       -4572.0          2294
        000580       -4572.0       -4572.0          2294
        000581       -4560.0       -4560.0          2292
        000582       -4568.0       -4568.0          2292
        000583       -4552.0       -4552.0          2290
        000584       -4576.0       -4576.0          2296
        000585       -4584.0       -4584.0          2298
        000586       -4564.0       -4564.0          2292
        000587       -4568.0       -4568.0          2294
        000588       -4568.0       -4568.0          2294
        000589       -4592.0       -4592.0          2296
        000590       -4572.0       -4572.0          2294
        000591       -4584.0       -4584.0          2298
        000592       -4588.0       -4588.0          2298
        000593       -4576.0       -4576.0          2296
        000594       -4548.0       -4548.0          2288
        000595       -4568.0       -4568.0          2294
        000596       -4584.0       -4584.0          2298
        000597       -4572.0       -4572.0          2294
        000598       -4568.0       -4568.0          2294
        000599       -4564.0       -4564.0          2292
        000600       -4552.0       -4552.0          2288
        000601       -4552.0       -4552.0          2290
        000602       -4564.0       -4564.0          2292
        000603       -4536.0       -4536.0          2286
        000604       -4560.0       -4560.0          2292
        000605       -4564.0       -4564.0          2292
        000606       -4544.0       -4544.0          2286
        000607       -4548.0       -4548.0          2288
        000608       -4584.0       -4584.0          2298
        000609       -4552.0       -4552.0          2288
        000610       -4540.0       -4540.0          2286
        000611       -4592.0       -4592.0          2300
        000612       -4564.0       -4564.0          2292
        000613       -4592.0       -4592.0          2300
        000614       -4584.0       -4584.0          2298
        000615       -4552.0       -4552.0          2290
        000616       -4572.0       -4572.0          2294
        000617       -4576.0       -4576.0          2296
        000618       -4568.0       -4568.0          2294
        000619       -4608.0       -4608.0          2304
        000620       -4576.0       -4576.0          2296
        000621       -4548.0       -4548.0          2288
        000622       -4524.0       -4524.0          2282
        000623       -4548.0       -4548.0          2288
        000624       -4576.0       -4576.0          2296
        000625       -4572.0       -4572.0          2294
        000626       -4584.0       -4584.0          2298
        000627       -4584.0       -4584.0          2298
        000628       -4560.0       -4560.0          2290
        000629       -4576.0       -4576.0          2296
        000630       -4548.0       -4548.0          2288
        000631       -4552.0       -4552.0          2290
        000632       -4524.0       -4524.0          2282
        000633       -4524.0       -4524.0          2282
        000634       -4568.0       -4568.0          2294
        000635       -4576.0       -4576.0          2296
        000636       -4568.0       -4568.0          2294
        000637       -4580.0       -4580.0          2296
        000638       -4536.0       -4536.0          2284
        000639       -4544.0       -4544.0          2288
        000640       -4552.0       -4552.0          2290
        000641       -4544.0       -4544.0          2288
        000642       -4560.0       -4560.0          2292
        000643       -4548.0       -4548.0          2288
        000644       -4556.0       -4556.0          2290
        000645       -4552.0       -4552.0          2286
        000646       -4556.0       -4556.0          2290
        000647       -4560.0       -4560.0          2292
        000648       -4552.0       -4552.0          2288
        000649       -4584.0       -4584.0          2298
        000650       -4592.0       -4592.0          2300
        000651       -4564.0       -4564.0          2292
        000652       -4548.0       -4548.0          2288
        000653       -4548.0       -4548.0          2288
        000654       -4536.0       -4536.0          2282
        000655       -4568.0       -4568.0          2294
        000656       -4568.0       -4568.0          2294
        000657       -4512.0       -4512.0          2278
        000658       -4540.0       -4540.0          2284
        000659       -4552.0       -4552.0          2290
        000660       -4548.0       -4548.0          2288
        000661       -4584.0       -4584.0          2298
        000662       -4608.0       -4608.0          2304
        000663       -4576.0       -4576.0          2296
        000664       -4576.0       -4576.0          2296
        000665       -4592.0       -4592.0          2300
        000666       -4560.0       -4560.0          2292
        000667       -4556.0       -4556.0          2290
        000668       -4552.0       -4552.0          2288
        000669       -4576.0       -4576.0          2296
        000670       -4576.0       -4576.0          2296
        000671       -4552.0       -4552.0          2290
        000672       -4560.0       -4560.0          2292
        000673       -4564.0       -4564.0          2292
        000674       -4592.0       -4592.0          2300
        000675       -4584.0       -4584.0          2298
        000676       -4552.0       -4552.0          2290
        000677       -4556.0       -4556.0          2290
        000678       -4572.0       -4572.0          2294
        000679       -4592.0       -4592.0          2300
        000680       -4608.0       -4608.0          2304
        000681       -4600.0       -4600.0          2302
        000682       -4584.0       -4584.0          2298
        000683       -4568.0       -4568.0          2294
        000684       -4600.0       -4600.0          2302
        000685       -4584.0       -4584.0          2298
        000686       -4512.0       -4512.0          2278
        000687       -4560.0       -4560.0          2292
        000688       -4560.0       -4560.0          2292
        000689       -4568.0       -4568.0          2294
        000690       -4584.0       -4584.0          2298
        000691       -4560.0       -4560.0          2292
        000692       -4552.0       -4552.0          2290
        000693       -4576.0       -4576.0          2296
        000694       -4564.0       -4564.0          2292
        000695       -4552.0       -4552.0          2290
        000696       -4516.0       -4516.0          2280
        000697       -4532.0       -4532.0          2284
        000698       -4552.0       -4552.0          2288
        000699       -4548.0       -4548.0          2286
        000700       -4592.0       -4592.0          2300
        000701       -4564.0       -4564.0          2292
        000702       -4568.0       -4568.0          2294
        000703       -4584.0       -4584.0          2298
        000704       -4584.0       -4584.0          2298
        000705       -4592.0       -4592.0          2300
        000706       -4584.0       -4584.0          2298
        000707       -4552.0       -4552.0          2290
        000708       -4536.0       -4536.0          2284
        000709       -4556.0       -4556.0          2290
        000710       -4568.0       -4568.0          2294
        000711       -4564.0       -4564.0          2292
        000712       -4556.0       -4556.0          2290
        000713       -4584.0       -4584.0          2298
        000714       -4552.0       -4552.0          2290
        000715       -4532.0       -4532.0          2284
        000716       -4536.0       -4536.0          2286
        000717       -4560.0       -4560.0          2292
        000718       -4568.0       -4568.0          2294
        000719       -4560.0       -4560.0          2292
        000720       -4540.0       -4540.0          2286
        000721       -4552.0       -4552.0          2288
        000722       -4560.0       -4560.0          2292
        000723       -4560.0       -4560.0          2292
        000724       -4556.0       -4556.0          2290
        000725       -4568.0       -4568.0          2294
        000726       -4584.0       -4584.0          2298
        000727       -4556.0       -4556.0          2290
        000728       -4556.0       -4556.0          2286
        000729       -4540.0       -4540.0          2284
        000730       -4548.0       -4548.0          2288
        000731       -4544.0       -4544.0          2288
        000732       -4528.0       -4528.0          2282
        000733       -4584.0       -4584.0          2298
        000734       -4584.0       -4584.0          2298
        000735       -4576.0       -4576.0          2296
        000736       -4560.0       -4560.0          2292
        000737       -4572.0       -4572.0          2294
        000738       -4540.0       -4540.0          2286
        000739       -4540.0       -4540.0          2286
        000740       -4552.0       -4552.0          2290
        000741       -4532.0       -4532.0          2284
        000742       -4536.0       -4536.0          2282
        000743       -4536.0       -4536.0          2286
        000744       -4548.0       -4548.0          2288
        000745       -4576.0       -4576.0          2296
        000746       -4520.0       -4520.0          2280
        000747       -4564.0       -4564.0          2292
        000748       -4584.0       -4584.0          2298
        000749       -4568.0       -4568.0          2294
        000750       -4520.0       -4520.0          2282
        000751       -4544.0       -4544.0          2288
        000752       -4548.0       -4548.0          2288
        000753       -4572.0       -4572.0          2294
        000754       -4572.0       -4572.0          2294
        000755       -4560.0       -4560.0          2292
        000756       -4536.0       -4536.0          2286
        000757       -4584.0       -4584.0          2298
        000758       -4568.0       -4568.0          2294
        000759       -4544.0       -4544.0          2288
        000760       -4536.0       -4536.0          2284
        000761       -4524.0       -4524.0          2282
        000762       -4524.0       -4524.0          2282
        000763       -4552.0       -4552.0          2290
        000764       -4516.0       -4516.0          2280
        000765       -4540.0       -4540.0          2286
        000766       -4544.0       -4544.0          2286
        000767       -4568.0       -4568.0          2292
        000768       -4560.0       -4560.0          2292
        000769       -4552.0       -4552.0          2288
        000770       -4540.0       -4540.0          2286
        000771       -4564.0       -4564.0          2292
        000772       -4544.0       -4544.0          2286
        000773       -4536.0       -4536.0          2284
        000774       -4520.0       -4520.0          2282
        000775       -4540.0       -4540.0          2286
        000776       -4556.0       -4556.0          2290
        000777       -4552.0       -4552.0          2286
        000778       -4552.0       -4552.0          2290
        000779       -4584.0       -4584.0          2298
        000780       -4584.0       -4584.0          2298
        000781       -4592.0       -4592.0          2300
        000782       -4584.0       -4584.0          2298
        000783       -4592.0       -4592.0          2300
        000784       -4576.0       -4576.0          2296
        000785       -4552.0       -4552.0          2288
        000786       -4556.0       -4556.0          2290
        000787       -4572.0       -4572.0          2294
        000788       -4548.0       -4548.0          2288
        000789       -4560.0       -4560.0          2292
        000790       -4552.0       -4552.0          2290
        000791       -4568.0       -4568.0          2294
        000792       -4552.0       -4552.0          2290
        000793       -4556.0       -4556.0          2290
        000794       -4576.0       -4576.0          2296
        000795       -4576.0       -4576.0          2296
        000796       -4552.0       -4552.0          2290
        000797       -4556.0       -4556.0          2290
        000798       -4552.0       -4552.0          2290
        000799       -4544.0       -4544.0          2288
        000800       -4592.0       -4592.0          2300
        000801       -4556.0       -4556.0          2290
        000802       -4592.0       -4592.0          2300
        000803       -4592.0       -4592.0          2300
        000804       -4572.0       -4572.0          2294
        000805       -4568.0       -4568.0          2292
        000806       -4576.0       -4576.0          2296
        000807       -4544.0       -4544.0          2288
        000808       -4504.0       -4504.0          2276
        000809       -4528.0       -4528.0          2284
        000810       -4580.0       -4580.0          2296
        000811       -4592.0       -4592.0          2300
        000812       -4568.0       -4568.0          2294
        000813       -4584.0       -4584.0          2298
        000814       -4568.0       -4568.0          2292
        000815       -4600.0       -4600.0          2302
        000816       -4576.0       -4576.0          2294
        000817       -4564.0       -4564.0          2288
        000818       -4564.0       -4564.0          2292
        000819       -4568.0       -4568.0          2294
        000820       -4552.0       -4552.0          2290
        000821       -4556.0       -4556.0          2290
        000822       -4576.0       -4576.0          2292
        000823       -4576.0       -4576.0          2296
        000824       -4576.0       -4576.0          2296
        000825       -4568.0       -4568.0          2294
        000826       -4536.0       -4536.0          2286
        000827       -4572.0       -4572.0          2294
        000828       -4580.0       -4580.0          2296
        000829       -4564.0       -4564.0          2292
        000830       -4540.0       -4540.0          2286
        000831       -4560.0       -4560.0          2292
        000832       -4576.0       -4576.0          2296
        000833       -4564.0       -4564.0          2292
        000834       -4560.0       -4560.0          2292
        000835       -4552.0       -4552.0          2290
        000836       -4544.0       -4544.0          2288
        000837       -4560.0       -4560.0          2292
        000838       -4560.0       -4560.0          2292
        000839       -4560.0       -4560.0          2290
        000840       -4552.0       -4552.0          2288
        000841       -4552.0       -4552.0          2290
        000842       -4544.0       -4544.0          2288
        000843       -4580.0       -4580.0          2296
        000844       -4576.0       -4576.0          2296
        000845       -4560.0       -4560.0          2292
        000846       -4576.0       -4576.0          2296
        000847       -4560.0       -4560.0          2292
        000848       -4576.0       -4576.0          2296
        000849       -4560.0       -4560.0          2292
        000850       -4568.0       -4568.0          2294
        000851       -4544.0       -4544.0          2288
        000852       -4576.0       -4576.0          2296
        000853       -4560.0       -4560.0          2292
        000854       -4552.0       -4552.0          2290
        000855       -4568.0       -4568.0          2294
        000856       -4548.0       -4548.0          2288
        000857       -4552.0       -4552.0          2288
        000858       -4592.0       -4592.0          2300
        000859       -4576.0       -4576.0          2296
        000860       -4592.0       -4592.0          2300
        000861       -4548.0       -4548.0          2286
        000862       -4540.0       -4540.0          2280
        000863       -4576.0       -4576.0          2294
        000864       -4572.0       -4572.0          2294
        000865       -4584.0       -4584.0          2298
        000866       -4576.0       -4576.0          2296
        000867       -4592.0       -4592.0          2300
        000868       -4584.0       -4584.0          2298
        000869       -4584.0       -4584.0          2298
        000870       -4556.0       -4556.0          2290
        000871       -4544.0       -4544.0          2288
        000872       -4572.0       -4572.0          2294
        000873       -4560.0       -4560.0          2290
        000874       -4572.0       -4572.0          2294
        000875       -4580.0       -4580.0          2296
        000876       -4576.0       -4576.0          2296
        000877       -4556.0       -4556.0          2290
        000878       -4584.0       -4584.0          2298
        000879       -4584.0       -4584.0          2298
        000880       -4572.0       -4572.0          2294
        000881       -4576.0       -4576.0          2296
        000882       -4560.0       -4560.0          2292
        000883       -4568.0       -4568.0          2294
        000884       -4536.0       -4536.0          2286
        000885       -4548.0       -4548.0          2288
        000886       -4544.0       -4544.0          2288
        000887       -4560.0       -4560.0          2292
        000888       -4524.0       -4524.0          2282
        000889       -4536.0       -4536.0          2286
        000890       -4564.0       -4564.0          2292
        000891       -4592.0       -4592.0          2300
        000892       -4576.0       -4576.0          2296
        000893       -4584.0       -4584.0          2296
        000894       -4576.0       -4576.0          2296
        000895       -4564.0       -4564.0          2292
        000896       -4548.0       -4548.0          2288
        000897       -4572.0       -4572.0          2294
        000898       -4592.0       -4592.0          2300
        000899       -4584.0       -4584.0          2298
        000900       -4576.0       -4576.0          2296
        000901       -4592.0       -4592.0          2300
        000902       -4576.0       -4576.0          2296
        000903       -4588.0       -4588.0          2298
        000904       -4564.0       -4564.0          2292
        000905       -4592.0       -4592.0          2300
        000906       -4592.0       -4592.0          2300
        000907       -4576.0       -4576.0          2296
        000908       -4580.0       -4580.0          2296
        000909       -4564.0       -4564.0          2292
        000910       -4560.0       -4560.0          2292
        000911       -4520.0       -4520.0          2282
        000912       -4520.0       -4520.0          2282
        000913       -4576.0       -4576.0          2296
        000914       -4568.0       -4568.0          2294
        000915       -4524.0       -4524.0          2282
        000916       -4556.0       -4556.0          2290
        000917       -4544.0       -4544.0          2284
        000918       -4560.0       -4560.0          2292
        000919       -4568.0       -4568.0          2294
        000920       -4552.0       -4552.0          2290
        000921       -4576.0       -4576.0          2296
        000922       -4584.0       -4584.0          2298
        000923       -4584.0       -4584.0          2298
        000924       -4544.0       -4544.0          2288
        000925       -4560.0       -4560.0          2292
        000926       -4540.0       -4540.0          2286
        000927       -4572.0       -4572.0          2294
        000928       -4536.0       -4536.0          2284
        000929       -4552.0       -4552.0          2290
        000930       -4584.0       -4584.0          2298
        000931       -4592.0       -4592.0          2300
        000932       -4564.0       -4564.0          2292
        000933       -4584.0       -4584.0          2298
        000934       -4584.0       -4584.0          2298
        000935       -4576.0       -4576.0          2296
        000936       -4584.0       -4584.0          2298
        000937       -4580.0       -4580.0          2296
        000938       -4564.0       -4564.0          2292
        000939       -4568.0       -4568.0          2294
        000940       -4560.0       -4560.0          2292
        000941       -4544.0       -4544.0          2288
        000942       -4540.0       -4540.0          2286
        000943       -4532.0       -4532.0          2284
        000944       -4556.0       -4556.0          2288
        000945       -4552.0       -4552.0          2288
        000946       -4560.0       -4560.0          2292
        000947       -4564.0       -4564.0          2292
        000948       -4520.0       -4520.0          2278
        000949       -4536.0       -4536.0          2284
        000950       -4524.0       -4524.0          2280
        000951       -4576.0       -4576.0          2296
        000952       -4528.0       -4528.0          2284
        000953       -4544.0       -4544.0          2286
        000954       -4560.0       -4560.0          2292
        000955       -4592.0       -4592.0          2300
        000956       -4576.0       -4576.0          2296
        000957       -4520.0       -4520.0          2282
        000958       -4580.0       -4580.0          2296
        000959       -4588.0       -4588.0          2298
        000960       -4572.0       -4572.0          2294
        000961       -4568.0       -4568.0          2294
        000962       -4600.0       -4600.0          2302
        000963       -4576.0       -4576.0          2296
        000964       -4568.0       -4568.0          2294
        000965       -4568.0       -4568.0          2294
        000966       -4560.0       -4560.0          2292
        000967       -4556.0       -4556.0          2288
        000968       -4536.0       -4536.0          2282
        000969       -4544.0       -4544.0          2286
        000970       -4508.0       -4508.0          2278
        000971       -4492.0       -4492.0          2272
        000972       -4524.0       -4524.0          2282
        000973       -4552.0       -4552.0          2290
        000974       -4552.0       -4552.0          2290
        000975       -4548.0       -4548.0          2288
        000976       -4536.0       -4536.0          2284
        000977       -4568.0       -4568.0          2290
        000978       -4568.0       -4568.0          2292
        000979       -4544.0       -4544.0          2288
        000980       -4524.0       -4524.0          2282
        000981       -4544.0       -4544.0          2288
        000982       -4600.0       -4600.0          2302
        000983       -4560.0       -4560.0          2292
        000984       -4536.0       -4536.0          2286
        000985       -4504.0       -4504.0          2278
        000986       -4544.0       -4544.0          2288
        000987       -4504.0       -4504.0          2276
        000988       -4516.0       -4516.0          2280
        000989       -4536.0       -4536.0          2284
        000990       -4520.0       -4520.0          2280
        000991       -4552.0       -4552.0          2288
        000992       -4556.0       -4556.0          2290
        000993       -4592.0       -4592.0          2300
        000994       -4576.0       -4576.0          2296
        000995       -4576.0       -4576.0          2296
        000996       -4552.0       -4552.0          2290
        000997       -4548.0       -4548.0          2286
        000998       -4552.0       -4552.0          2288
        000999       -4552.0       -4552.0          2290
        001000       -4544.0       -4544.0          2288
        001001       -4568.0       -4568.0          2294
        001002       -4556.0       -4556.0          2290
        001003       -4528.0       -4528.0          2282
        001004       -4572.0       -4572.0          2294
        001005       -4548.0       -4548.0          2288
        001006       -4560.0       -4560.0          2292
        001007       -4572.0       -4572.0          2294
        001008       -4588.0       -4588.0          2298
        001009       -4568.0       -4568.0          2294
        001010       -4568.0       -4568.0          2292
        001011       -4576.0       -4576.0          2294
        001012       -4552.0       -4552.0          2288
        001013       -4556.0       -4556.0          2290
        001014       -4568.0       -4568.0          2294
        001015       -4588.0       -4588.0          2298
        001016       -4564.0       -4564.0          2292
        001017       -4552.0       -4552.0          2290
        001018       -4576.0       -4576.0          2296
        001019       -4568.0       -4568.0          2294
        001020       -4584.0       -4584.0          2298
        001021       -4552.0       -4552.0          2290
        001022       -4540.0       -4540.0          2284
        001023       -4576.0       -4576.0          2296
        001024       -4576.0       -4576.0          2296
        001025       -4576.0       -4576.0          2296
        001026       -4576.0       -4576.0          2296
        001027       -4556.0       -4556.0          2286
        001028       -4564.0       -4564.0          2292
        001029       -4564.0       -4564.0          2292
        001030       -4556.0       -4556.0          2290
        001031       -4568.0       -4568.0          2292
        001032       -4544.0       -4544.0          2288
        001033       -4576.0       -4576.0          2296
        001034       -4564.0       -4564.0          2292
        001035       -4520.0       -4520.0          2280
        001036       -4540.0       -4540.0          2286
        001037       -4532.0       -4532.0          2284
        001038       -4520.0       -4520.0          2278
        001039       -4536.0       -4536.0          2286
        001040       -4552.0       -4552.0          2290
        001041       -4552.0       -4552.0          2290
        001042       -4568.0       -4568.0          2294
        001043       -4572.0       -4572.0          2294
        001044       -4600.0       -4600.0          2302
        001045       -4584.0       -4584.0          2298
        001046       -4584.0       -4584.0          2298
        001047       -4584.0       -4584.0          2298
        001048       -4568.0       -4568.0          2294
        001049       -4540.0       -4540.0          2286
        001050       -4536.0       -4536.0          2286
        001051       -4508.0       -4508.0          2276
        001052       -4564.0       -4564.0          2292
        001053       -4592.0       -4592.0          2300
        001054       -4576.0       -4576.0          2296
        001055       -4576.0       -4576.0          2294
        001056       -4568.0       -4568.0          2294
        001057       -4580.0       -4580.0          2296
        001058       -4560.0       -4560.0          2292
        001059       -4572.0       -4572.0          2294
        001060       -4560.0       -4560.0          2290
        001061       -4544.0       -4544.0          2286
        001062       -4548.0       -4548.0          2288
        001063       -4540.0       -4540.0          2284
        001064       -4544.0       -4544.0          2288
        001065       -4552.0       -4552.0          2290
        001066       -4548.0       -4548.0          2288
        001067       -4540.0       -4540.0          2284
        001068       -4548.0       -4548.0          2288
        001069       -4544.0       -4544.0          2288
        001070       -4520.0       -4520.0          2280
        001071       -4500.0       -4500.0          2276
        001072       -4544.0       -4544.0          2288
        001073       -4576.0       -4576.0          2296
        001074       -4560.0       -4560.0          2292
        001075       -4576.0       -4576.0          2296
        001076       -4584.0       -4584.0          2298
        001077       -4592.0       -4592.0          2300
        001078       -4568.0       -4568.0          2294
        001079       -4584.0       -4584.0          2298
        001080       -4568.0       -4568.0          2294
        001081       -4552.0       -4552.0          2290
        001082       -4572.0       -4572.0          2292
        001083       -4568.0       -4568.0          2294
        001084       -4532.0       -4532.0          2284
        001085       -4552.0       -4552.0          2290
        001086       -4576.0       -4576.0          2296
        001087       -4552.0       -4552.0          2288
        001088       -4576.0       -4576.0          2296
        001089       -4576.0       -4576.0          2296
        001090       -4580.0       -4580.0          2296
        001091       -4584.0       -4584.0          2298
        001092       -4560.0       -4560.0          2292
        001093       -4568.0       -4568.0          2294
        001094       -4544.0       -4544.0          2288
        001095       -4592.0       -4592.0          2300
        001096       -4576.0       -4576.0          2296
        001097       -4568.0       -4568.0          2294
        001098       -4592.0       -4592.0          2300
        001099       -4592.0       -4592.0          2300
        001100       -4568.0       -4568.0          2294
        001101       -4536.0       -4536.0          2284
        001102       -4560.0       -4560.0          2292
        001103       -4560.0       -4560.0          2292
        001104       -4576.0       -4576.0          2296
        001105       -4568.0       -4568.0          2294
        001106       -4564.0       -4564.0          2292
        001107       -4592.0       -4592.0          2300
        001108       -4592.0       -4592.0          2300
        001109       -4576.0       -4576.0          2296
        001110       -4568.0       -4568.0          2294
        001111       -4568.0       -4568.0          2294
        001112       -4568.0       -4568.0          2294
        001113       -4580.0       -4580.0          2296
        001114       -4584.0       -4584.0          2298
        001115       -4544.0       -4544.0          2286
        001116       -4544.0       -4544.0          2286
        001117       -4556.0       -4556.0          2290
        001118       -4528.0       -4528.0          2282
        001119       -4524.0       -4524.0          2280
        001120       -4596.0       -4596.0          2300
        001121       -4564.0       -4564.0          2292
        001122       -4600.0       -4600.0          2302
        001123       -4584.0       -4584.0          2298
        001124       -4520.0       -4520.0          2282
        001125       -4544.0       -4544.0          2288
        001126       -4556.0       -4556.0          2290
        001127       -4584.0       -4584.0          2298
        001128       -4568.0       -4568.0          2294
        001129       -4568.0       -4568.0          2294
        001130       -4576.0       -4576.0          2296
        001131       -4560.0       -4560.0          2292
        001132       -4564.0       -4564.0          2292
        001133       -4568.0       -4568.0          2294
        001134       -4536.0       -4536.0          2286
        001135       -4512.0       -4512.0          2278
        001136       -4504.0       -4504.0          2278
        001137       -4528.0       -4528.0          2284
        001138       -4532.0       -4532.0          2282
        001139       -4520.0       -4520.0          2280
        001140       -4552.0       -4552.0          2290
        001141       -4576.0       -4576.0          2296
        001142       -4576.0       -4576.0          2296
        001143       -4568.0       -4568.0          2294
        001144       -4572.0       -4572.0          2294
        001145       -4564.0       -4564.0          2292
        001146       -4536.0       -4536.0          2286
        001147       -4568.0       -4568.0          2292
        001148       -4584.0       -4584.0          2298
        001149       -4552.0       -4552.0          2290
        001150       -4588.0       -4588.0          2298
        001151       -4584.0       -4584.0          2298
        001152       -4576.0       -4576.0          2296
        001153       -4592.0       -4592.0          2300
        001154       -4592.0       -4592.0          2300
        001155       -4580.0       -4580.0          2296
        001156       -4576.0       -4576.0          2296
        001157       -4560.0       -4560.0          2292
        001158       -4548.0       -4548.0          2288
        001159       -4556.0       -4556.0          2290
        001160       -4568.0       -4568.0          2294
        001161       -4540.0       -4540.0          2286
        001162       -4516.0       -4516.0          2280
        001163       -4544.0       -4544.0          2286
        001164       -4528.0       -4528.0          2284
        001165       -4536.0       -4536.0          2286
        001166       -4576.0       -4576.0          2296
        001167       -4560.0       -4560.0          2290
        001168       -4600.0       -4600.0          2302
        001169       -4548.0       -4548.0          2288
        001170       -4520.0       -4520.0          2280
        001171       -4556.0       -4556.0          2290
        001172       -4576.0       -4576.0          2294
        001173       -4556.0       -4556.0          2290
        001174       -4584.0       -4584.0          2298
        001175       -4576.0       -4576.0          2296
        001176       -4568.0       -4568.0          2294
        001177       -4592.0       -4592.0          2300
        001178       -4564.0       -4564.0          2292
        001179       -4548.0       -4548.0          2288
        001180       -4572.0       -4572.0          2294
        001181       -4584.0       -4584.0          2298
        001182       -4600.0       -4600.0          2302
        001183       -4568.0       -4568.0          2294
        001184       -4588.0       -4588.0          2298
        001185       -4552.0       -4552.0          2288
        001186       -4564.0       -4564.0          2292
        001187       -4560.0       -4560.0          2292
        001188       -4556.0       -4556.0          2290
        001189       -4540.0       -4540.0          2286
        001190       -4564.0       -4564.0          2292
        001191       -4552.0       -4552.0          2290
        001192       -4556.0       -4556.0          2290
        001193       -4568.0       -4568.0          2294
        001194       -4568.0       -4568.0          2294
        001195       -4576.0       -4576.0          2296
        001196       -4576.0       -4576.0          2296
        001197       -4552.0       -4552.0          2290
        001198       -4556.0       -4556.0          2290
        001199       -4568.0       -4568.0          2294
        001200       -4572.0       -4572.0          2294
        001201       -4584.0       -4584.0          2298
        001202       -4556.0       -4556.0          2290
        001203       -4548.0       -4548.0          2288
        001204       -4592.0       -4592.0          2300
        001205       -4600.0       -4600.0          2302
        001206       -4592.0       -4592.0          2300
        001207       -4584.0       -4584.0          2298
        001208       -4576.0       -4576.0          2296
        001209       -4532.0       -4532.0          2284
        001210       -4528.0       -4528.0          2282
        001211       -4584.0       -4584.0          2298
        001212       -4532.0       -4532.0          2284
        001213       -4552.0       -4552.0          2290
        001214       -4548.0       -4548.0          2288
        001215       -4568.0       -4568.0          2294
        001216       -4552.0       -4552.0          2290
        001217       -4532.0       -4532.0          2284
        001218       -4540.0       -4540.0          2286
        001219       -4552.0       -4552.0          2290
        001220       -4592.0       -4592.0          2300
        001221       -4564.0       -4564.0          2292
        001222       -4576.0       -4576.0          2296
        001223       -4552.0       -4552.0          2290
        001224       -4564.0       -4564.0          2292
        001225       -4580.0       -4580.0          2296
        001226       -4552.0       -4552.0          2290
        001227       -4568.0       -4568.0          2292
        001228       -4564.0       -4564.0          2292
        001229       -4560.0       -4560.0          2288
        001230       -4568.0       -4568.0          2294
        001231       -4592.0       -4592.0          2300
        001232       -4592.0       -4592.0          2300
        001233       -4576.0       -4576.0          2296
        001234       -4564.0       -4564.0          2292
        001235       -4544.0       -4544.0          2286
        001236       -4552.0       -4552.0          2290
        001237       -4564.0       -4564.0          2292
        001238       -4552.0       -4552.0          2290
        001239       -4548.0       -4548.0          2288
        001240       -4576.0       -4576.0          2296
        001241       -4596.0       -4596.0          2300
        001242       -4560.0       -4560.0          2292
        001243       -4564.0       -4564.0          2292
        001244       -4564.0       -4564.0          2292
        001245       -4568.0       -4568.0          2292
        001246       -4576.0       -4576.0          2294
        001247       -4584.0       -4584.0          2298
        001248       -4580.0       -4580.0          2296
        001249       -4568.0       -4568.0          2294
        001250       -4584.0       -4584.0          2298
        001251       -4596.0       -4596.0          2300
        001252       -4584.0       -4584.0          2298
        001253       -4564.0       -4564.0          2292
        001254       -4592.0       -4592.0          2300
        001255       -4568.0       -4568.0          2294
        001256       -4592.0       -4592.0          2300
        001257       -4576.0       -4576.0          2296
        001258       -4576.0       -4576.0          2296
        001259       -4556.0       -4556.0          2290
        001260       -4532.0       -4532.0          2282
        001261       -4532.0       -4532.0          2284
        001262       -4528.0       -4528.0          2284
        001263       -4560.0       -4560.0          2292
        001264       -4576.0       -4576.0          2296
        001265       -4568.0       -4568.0          2294
        001266       -4556.0       -4556.0          2290
        001267       -4584.0       -4584.0          2296
        001268       -4580.0       -4580.0          2296
        001269       -4564.0       -4564.0          2292
        001270       -4584.0       -4584.0          2298
        001271       -4592.0       -4592.0          2300
        001272       -4584.0       -4584.0          2298
        001273       -4592.0       -4592.0          2300
        001274       -4592.0       -4592.0          2300
        001275       -4560.0       -4560.0          2290
        001276       -4552.0       -4552.0          2290
        001277       -4544.0       -4544.0          2288
        001278       -4556.0       -4556.0          2290
        001279       -4584.0       -4584.0          2298
        001280       -4584.0       -4584.0          2298
        001281       -4576.0       -4576.0          2296
        001282       -4568.0       -4568.0          2294
        001283       -4548.0       -4548.0          2288
        001284       -4576.0       -4576.0          2294
        001285       -4564.0       -4564.0          2292
        001286       -4568.0       -4568.0          2294
        001287       -4576.0       -4576.0          2296
        001288       -4588.0       -4588.0          2298
        001289       -4572.0       -4572.0          2294
        001290       -4588.0       -4588.0          2298
        001291       -4560.0       -4560.0          2288
        001292       -4544.0       -4544.0          2288
        001293       -4576.0       -4576.0          2296
        001294       -4568.0       -4568.0          2294
        001295       -4580.0       -4580.0          2296
        001296       -4584.0       -4584.0          2298
        001297       -4592.0       -4592.0          2300
        001298       -4580.0       -4580.0          2296
        001299       -4584.0       -4584.0          2296
        001300       -4568.0       -4568.0          2292
        001301       -4592.0       -4592.0          2300
        001302       -4584.0       -4584.0          2298
        001303       -4564.0       -4564.0          2292
        001304       -4548.0       -4548.0          2288
        001305       -4544.0       -4544.0          2288
        001306       -4552.0       -4552.0          2290
        001307       -4520.0       -4520.0          2282
        001308       -4536.0       -4536.0          2286
        001309       -4540.0       -4540.0          2286
        001310       -4576.0       -4576.0          2296
        001311       -4544.0       -4544.0          2288
        001312       -4576.0       -4576.0          2296
        001313       -4592.0       -4592.0          2300
        001314       -4588.0       -4588.0          2298
        001315       -4572.0       -4572.0          2294
        001316       -4548.0       -4548.0          2288
        001317       -4528.0       -4528.0          2284
        001318       -4540.0       -4540.0          2286
        001319       -4528.0       -4528.0          2282
        001320       -4540.0       -4540.0          2286
        001321       -4572.0       -4572.0          2294
        001322       -4592.0       -4592.0          2300
        001323       -4580.0       -4580.0          2296
        001324       -4576.0       -4576.0          2296
        001325       -4584.0       -4584.0          2298
        001326       -4592.0       -4592.0          2300
        001327       -4592.0       -4592.0          2300
        001328       -4576.0       -4576.0          2296
        001329       -4584.0       -4584.0          2298
        001330       -4576.0       -4576.0          2296
        001331       -4552.0       -4552.0          2288
        001332       -4576.0       -4576.0          2296
        001333       -4600.0       -4600.0          2302
        001334       -4600.0       -4600.0          2302
        001335       -4588.0       -4588.0          2298
        001336       -4564.0       -4564.0          2292
        001337       -4568.0       -4568.0          2294
        001338       -4568.0       -4568.0          2294
        001339       -4584.0       -4584.0          2298
        001340       -4584.0       -4584.0          2298
        001341       -4584.0       -4584.0          2298
        001342       -4576.0       -4576.0          2296
        001343       -4572.0       -4572.0          2294
        001344       -4556.0       -4556.0          2290
        001345       -4532.0       -4532.0          2284
        001346       -4524.0       -4524.0          2282
        001347       -4548.0       -4548.0          2288
        001348       -4568.0       -4568.0          2294
        001349       -4576.0       -4576.0          2294
        001350       -4584.0       -4584.0          2298
        001351       -4568.0       -4568.0          2294
        001352       -4576.0       -4576.0          2296
        001353       -4560.0       -4560.0          2292
        001354       -4560.0       -4560.0          2292
        001355       -4552.0       -4552.0          2290
        001356       -4544.0       -4544.0          2288
        001357       -4564.0       -4564.0          2292
        001358       -4552.0       -4552.0          2290
        001359       -4564.0       -4564.0          2292
        001360       -4508.0       -4508.0          2274
        001361       -4512.0       -4512.0          2278
        001362       -4540.0       -4540.0          2286
        001363       -4552.0       -4552.0          2290
        001364       -4560.0       -4560.0          2292
        001365       -4592.0       -4592.0          2300
        001366       -4608.0       -4608.0          2304
        001367       -4584.0       -4584.0          2298
        001368       -4584.0       -4584.0          2298
        001369       -4592.0       -4592.0          2300
        001370       -4560.0       -4560.0          2292
        001371       -4576.0       -4576.0          2296
        001372       -4576.0       -4576.0          2296
        001373       -4584.0       -4584.0          2298
        001374       -4600.0       -4600.0          2302
        001375       -4592.0       -4592.0          2300
        001376       -4576.0       -4576.0          2296
        001377       -4576.0       -4576.0          2296
        001378       -4584.0       -4584.0          2298
        001379       -4592.0       -4592.0          2300
        001380       -4568.0       -4568.0          2292
        001381       -4584.0       -4584.0          2298
        001382       -4592.0       -4592.0          2300
        001383       -4560.0       -4560.0          2292
        001384       -4576.0       -4576.0          2296
        001385       -4548.0       -4548.0          2288
        001386       -4552.0       -4552.0          2290
        001387       -4564.0       -4564.0          2292
        001388       -4552.0       -4552.0          2290
        001389       -4572.0       -4572.0          2294
        001390       -4560.0       -4560.0          2292
        001391       -4576.0       -4576.0          2296
        001392       -4564.0       -4564.0          2292
        001393       -4568.0       -4568.0          2294
        001394       -4592.0       -4592.0          2300
        001395       -4576.0       -4576.0          2296
        001396       -4584.0       -4584.0          2298
        001397       -4576.0       -4576.0          2296
        001398       -4568.0       -4568.0          2294
        001399       -4556.0       -4556.0          2290
        001400       -4560.0       -4560.0          2292
        001401       -4568.0       -4568.0          2294
        001402       -4544.0       -4544.0          2288
        001403       -4560.0       -4560.0          2292
        001404       -4552.0       -4552.0          2290
        001405       -4580.0       -4580.0          2296
        001406       -4568.0       -4568.0          2294
        001407       -4584.0       -4584.0          2298
        001408       -4588.0       -4588.0          2298
        001409       -4580.0       -4580.0          2296
        001410       -4580.0       -4580.0          2296
        001411       -4584.0       -4584.0          2298
        001412       -4600.0       -4600.0          2302
        001413       -4584.0       -4584.0          2298
        001414       -4592.0       -4592.0          2300
        001415       -4568.0       -4568.0          2294
        001416       -4592.0       -4592.0          2300
        001417       -4564.0       -4564.0          2292
        001418       -4568.0       -4568.0          2294
        001419       -4568.0       -4568.0          2294
        001420       -4520.0       -4520.0          2280
        001421       -4536.0       -4536.0          2286
        001422       -4520.0       -4520.0          2282
        001423       -4560.0       -4560.0          2292
        001424       -4536.0       -4536.0          2286
        001425       -4584.0       -4584.0          2298
        001426       -4572.0       -4572.0          2294
        001427       -4544.0       -4544.0          2288
        001428       -4556.0       -4556.0          2290
        001429       -4572.0       -4572.0          2294
        001430       -4580.0       -4580.0          2296
        001431       -4560.0       -4560.0          2292
        001432       -4560.0       -4560.0          2292
        001433       -4572.0       -4572.0          2294
        001434       -4584.0       -4584.0          2298
        001435       -4584.0       -4584.0          2298
        001436       -4592.0       -4592.0          2300
        001437       -4564.0       -4564.0          2292
        001438       -4552.0       -4552.0          2290
        001439       -4508.0       -4508.0          2274
        001440       -4520.0       -4520.0          2278
        001441       -4532.0       -4532.0          2282
        001442       -4536.0       -4536.0          2280
        001443       -4524.0       -4524.0          2278
        001444       -4584.0       -4584.0          2298
        001445       -4564.0       -4564.0          2292
        001446       -4564.0       -4564.0          2292
        001447       -4584.0       -4584.0          2298
        001448       -4568.0       -4568.0          2294
        001449       -4576.0       -4576.0          2296
        001450       -4536.0       -4536.0          2284
        001451       -4548.0       -4548.0          2284
        001452       -4556.0       -4556.0          2290
        001453       -4576.0       -4576.0          2296
        001454       -4572.0       -4572.0          2294
        001455       -4588.0       -4588.0          2298
        001456       -4592.0       -4592.0          2300
        001457       -4588.0       -4588.0          2298
        001458       -4552.0       -4552.0          2288
        001459       -4524.0       -4524.0          2282
        001460       -4512.0       -4512.0          2274
        001461       -4524.0       -4524.0          2278
        001462       -4560.0       -4560.0          2290
        001463       -4544.0       -4544.0          2282
        001464       -4584.0       -4584.0          2298
        001465       -4552.0       -4552.0          2288
        001466       -4568.0       -4568.0          2294
        001467       -4584.0       -4584.0          2298
        001468       -4584.0       -4584.0          2298
        001469       -4584.0       -4584.0          2298
        001470       -4564.0       -4564.0          2292
        001471       -4572.0       -4572.0          2294
        001472       -4564.0       -4564.0          2292
        001473       -4592.0       -4592.0          2300
        001474       -4576.0       -4576.0          2296
        001475       -4584.0       -4584.0          2298
        001476       -4600.0       -4600.0          2302
        001477       -4584.0       -4584.0          2298
        001478       -4584.0       -4584.0          2298
        001479       -4580.0       -4580.0          2296
        001480       -4560.0       -4560.0          2292
        001481       -4576.0       -4576.0          2296
        001482       -4556.0       -4556.0          2290
        001483       -4532.0       -4532.0          2282
        001484       -4572.0       -4572.0          2294
        001485       -4572.0       -4572.0          2294
        001486       -4564.0       -4564.0          2292
        001487       -4568.0       -4568.0          2294
        001488       -4568.0       -4568.0          2294
        001489       -4560.0       -4560.0          2292
        001490       -4576.0       -4576.0          2296
        001491       -4560.0       -4560.0          2292
        001492       -4552.0       -4552.0          2286
        001493       -4540.0       -4540.0          2286
        001494       -4568.0       -4568.0          2292
        001495       -4576.0       -4576.0          2296
        001496       -4584.0       -4584.0          2298
        001497       -4584.0       -4584.0          2298
        001498       -4552.0       -4552.0          2288
        001499       -4560.0       -4560.0          2292
        001500       -4568.0       -4568.0          2294
        001501       -4560.0       -4560.0          2292
        001502       -4576.0       -4576.0          2296
        001503       -4584.0       -4584.0          2298
        001504       -4564.0       -4564.0          2292
        001505       -4568.0       -4568.0          2294
        001506       -4536.0       -4536.0          2284
        001507       -4560.0       -4560.0          2292
        001508       -4524.0       -4524.0          2282
        001509       -4528.0       -4528.0          2282
        001510       -4536.0       -4536.0          2286
        001511       -4540.0       -4540.0          2286
        001512       -4504.0       -4504.0          2274
        001513       -4552.0       -4552.0          2290
        001514       -4556.0       -4556.0          2290
        001515       -4556.0       -4556.0          2290
        001516       -4548.0       -4548.0          2286
        001517       -4540.0       -4540.0          2286
        001518       -4556.0       -4556.0          2290
        001519       -4564.0       -4564.0          2292
